"x"
0.391509571172836
0.388063664265339
0.344385979799954
0.360992563154278
0.363640068148843
0.394157076167399
0.397708003153788
0.386995156464565
0.399151329235195
0.362347845492318
0.376537446152485
0.401184757124732
0.372255482823951
0.374902987818514
0.395391847349922
0.378081053129007
0.387534547738372
0.385883897169739
0.384726322269724
0.388582890182342
0.384726322269724
0.385311139191884
0.407578578735054
0.401830781073739
0.393732979719324
0.409094106075344
0.396957206698566
0.396185552140038
0.39579153450137
0.400186645757341
0.394574794983081
0.411897603813953
0.407054454171041
0.398075926119065
0.397708003153788
0.413620809117269
0.403079430736577
0.451334524291902
0.406520249673045
0.446917913206855
0.482767559794711
0.419609596497237
0.437216469782758
0.434693728837813
0.499225586914491
0.506838098884932
0.477350809797704
0.483009107210474
0.506881774645153
0.422180473090716
0.44827019594684
0.506925381840574
0.433799197157404
0.461031825052409
0.506968920686129
0.423963616358471
0.43712700826331
0.483350571593641
0.415634573062777
0.43765950593297
0.483452197723258
0.425639166087178
0.440577395096275
0.438353986549787
0.507113559272637
0.48362075271725
0.44120339968023
0.507156804394672
0.483721396949736
0.448330126450729
0.462291300037979
0.507214360028375
0.437571462189602
0.462507751349651
0.507257448627156
0.435843318175667
0.455237816820711
0.419609596497237
0.434200327272814
0.507329114760248
0.459392772882435
0.430590505848464
0.484186307848498
0.429076038101844
0.507400596471793
0.439774513257877
0.463426692937951
0.507443397370521
0.426832667083939
0.432347789092297
0.452697481109276
0.430928576282362
0.432979129400005
0.443073404238548
0.429901765331429
0.507557211728068
0.439529052652306
0.434000486282981
0.443787525258276
0.428225011172344
0.507628109616933
0.425639166087178
0.444345891350528
0.428101279218197
0.507684697928385
0.433900024047697
0.446791650363199
0.446917913206855
0.4396111140939
0.500444105861867
0.505133129282363
0.505148617310519
0.471461284758382
0.431483041353541
0.45325457463187
0.485252330136701
0.429432930948447
0.43774727149659
0.446473459280567
0.443073404238548
0.465695527132791
0.509609173943861
0.507937928347619
0.44536350616108
0.431262581642549
0.442266067212326
0.434200327272814
0.508007862366879
0.485661296879606
0.438353986549787
0.434985617104433
0.508063683089565
0.435370090754763
0.464948680405444
0.451813922576045
0.435937003855631
0.455377520943074
0.441048216160546
0.447293294294822
0.436675327127984
0.449155853680319
0.486064329743527
0.501986969265463
0.505639728936522
0.508244329604723
0.457821586924345
0.435749315453885
0.442562366317999
0.43748313849745
0.508313497413813
0.448746058167123
0.467614131633717
0.508354915579206
0.461631638431035
0.45073712970243
0.438095586753612
0.447968588447615
0.439774513257877
0.502263195559363
0.508451318474402
0.45443260746312
0.448568563775488
0.440577395096275
0.438779381965706
0.459392772882435
0.441048216160546
0.440498143180097
0.508561085089067
0.465695527132791
0.445628689824511
0.486942871405599
0.444757421511225
0.508629469608533
0.451334524291902
0.468956596416607
0.5086704196569
0.442709339030067
0.453154112396586
0.487180416650375
0.445825929311999
0.463565408720743
0.460726990412629
0.447293294294822
0.441966573445569
0.460955929437496
0.452594979967959
0.501821650757835
0.508833618820745
0.506315986300946
0.498071273728719
0.447231082000558
0.448389927932981
0.452024361292949
0.445095766471139
0.508928377413829
0.467373889895981
0.445496414442282
0.508968889493609
0.444137817135831
0.460688649788491
0.446021778145239
0.50902281385469
0.444689255151182
0.44502842637082
0.457045138858129
0.465243320763657
0.487996183485109
0.509103504623928
0.450350169326432
0.488082182865806
0.503142419561717
0.509157168543595
0.450791972321976
0.488196436097432
0.506174585385354
0.452181150671274
0.401830781073739
0.417330014467954
0.417693127844823
0.506249096636516
0.364874839331366
0.380932557408451
0.439855853807295
0.48167185653667
0.364874839331366
0.407054454171041
0.427852149496452
0.420763735467041
0.4579065343232
0.506397522198196
0.378821837770179
0.391968718449258
0.506441895654559
0.432770272944062
0.429785296490873
0.423234498967499
0.458576920471435
0.50651569425742
0.43676625283201
0.442488587316385
0.434200327272814
0.437305644105818
0.400523350216572
0.443073404238548
0.506618684017585
0.482453880175317
0.435370090754763
0.506662705861629
0.401509647118154
0.417512164483124
0.446537389752462
0.401184757124732
0.436492577930816
0.453751506986057
0.407578578735054
0.444757421511225
0.50679435434396
0.402462121381449
0.429314475426603
0.429550883472935
0.506852665103294
0.483009107210474
0.419099898200901
0.411897603813953
0.506910853713789
0.448389927932981
0.413199925644477
0.410060387077714
0.446473459280567
0.414443914606336
0.48331661342587
0.449097680302454
0.5070268665278
0.440098456028648
0.418405417584081
0.50707024672055
0.483519742504935
0.423819315889659
0.426440503707669
0.45001414372341
0.507142396833261
0.418927899027345
0.460302304509433
0.483754864155925
0.448449600947933
0.416020381733906
0.442116723961318
0.44880497182182
0.419777438565461
0.429195512599048
0.440498143180097
0.418229050148565
0.449387336501404
0.462935658827288
0.507343425825878
0.449730983495922
0.423674261890183
0.427219370931681
0.431262581642549
0.443998230019089
0.442041750156619
0.500037639606298
0.504790189398411
0.504805869770138
0.468698995394792
0.456604212492676
0.48451368674429
0.50112352448064
0.507543010409876
0.423963616358471
0.428835536358978
0.484675940580486
0.427976993651669
0.451708102342252
0.507628109616933
0.425639166087178
0.440498143180097
0.440656421544393
0.501319708638372
0.507698827011994
0.461408223464382
0.434299711199145
0.430362817870572
0.452748590190444
0.430816342684109
0.507783450924443
0.428470833818928
0.453154112396586
0.431701765143291
0.507839723980462
0.462146056424567
0.432347789092297
0.50788185408628
0.446601173426362
0.448509146046357
0.462507751349651
0.503506181373849
0.50533380318158
0.50796592308698
0.480493563403648
0.507993889641345
0.431918780135979
0.45633625757457
0.442855538197964
0.434985617104433
0.434299711199145
0.509753850196837
0.508091551441815
0.505502479137668
0.433596438755139
0.445430039792354
0.445562630868816
0.508161100245745
0.486002704032664
0.440178854862715
0.441663815377289
0.457565174847247
0.50823047535118
0.486156512718983
0.442266067212326
0.44827019594684
0.438095586753612
0.508299677623588
0.481381935806708
0.508327310331939
0.441891192726915
0.436856881877421
0.463182260883734
0.439281403661807
0.508396272079816
0.455608811020198
0.461926757039928
0.444137817135831
0.486612893923141
0.440259021665192
0.50847880081924
0.441434561439605
0.453204388931177
0.457864093096033
0.442855538197964
0.453504152032085
0.486853265593131
0.486883166325596
0.441663815377289
0.452440515560049
0.508615806166164
0.487002448431715
0.454191269908742
0.508656776347303
0.440735223803703
0.4603411817415
0.449097680302454
0.508711309425488
0.469240045588114
0.454861800550781
0.463634507706072
0.508765735654562
0.441966573445569
0.508792908831374
0.458159828884769
0.463977447590025
0.444276706314071
0.461258275581892
0.487503759513565
0.44827019594684
0.455883840769721
0.454624179103652
0.502858031517803
0.508928377413829
0.467373889895981
0.447968588447615
0.449097680302454
0.444689255151182
0.448330126450729
0.502975485298622
0.50902281385469
0.445694592056554
0.456957511726225
0.465178114682594
0.445296812785037
0.487996183485109
0.453553799548034
0.447043604723477
0.462793754162213
0.462864797110857
0.50315905794363
0.509170568340178
0.471094403114831
0.428225011172344
0.446917913206855
0.438353986549787
0.506159659120739
0.431810484568878
0.393302307871103
0.399845809852012
0.415828147210444
0.428225011172344
0.441357721064801
0.428225011172344
0.431810484568878
0.393302307871103
0.399845809852012
0.338811793814894
0.277777777777779
0.415828147210444
0.506159659120739
0.399845809852012
0.424392073867514
0.441357721064801
0.481308980340536
0.438353986549787
0.446917913206855
0.42027496430342
0.367190995135227
0.424392073867514
0.481308980340536
0.441357721064801
0.506159659120739
0.393302307871103
0.277777777777779
0.449502358519908
0.367190995135227
0.506159659120739
0.415828147210444
0.428225011172344
0.351084925822647
0.331830837473758
0.391968718449258
0.35956774942129
0.338811793814894
0.351084925822647
0.308294785796338
0.322484386456503
0.391968718449258
0.277777777777779
0.351084925822647
0.35956774942129
0.364874839331366
0.322484386456503
0.358065882163784
0.322484386456503
0.316285954475553
0.388063664265339
0.390567861404069
0.390567861404069
0.385883897169739
0.322484386456503
0.34680296249411
0.34680296249411
0.388582890182342
0.390567861404069
0.391968718449258
0.358065882163784
0.322484386456503
0.354794131173328
0.34680296249411
0.338811793814894
0.322484386456503
0.316285954475553
0.391968718449258
0.379543379059157
0.335540042824439
0.322484386456503
0.391968718449258
0.381601933841203
0.358065882163784
0.353001394475061
0.327548874145224
0.322484386456503
0.35956774942129
0.35956774942129
0.353001394475061
0.358065882163784
0.388582890182342
0.391968718449258
0.390567861404069
0.322484386456503
0.366057050842999
0.277777777777779
0.349026371040598
0.338811793814894
0.351084925822647
0.338811793814894
0.351084925822647
0.331830837473758
0.391968718449258
0.379543379059157
0.335540042824439
0.322484386456503
0.391968718449258
0.35956774942129
0.338811793814894
0.379543379059157
0.362347845492318
0.277777777777779
0.379543379059157
0.338811793814894
0.353001394475061
0.351084925822647
0.391968718449258
0.327548874145224
0.358065882163784
0.353001394475061
0.349026371040598
0.391968718449258
0.353001394475061
0.351084925822647
0.34680296249411
0.367190995135227
0.391968718449258
0.353001394475061
0.351084925822647
0.322484386456503
0.391968718449258
0.354794131173328
0.353001394475061
0.338811793814894
0.351084925822647
0.379543379059157
0.391968718449258
0.353001394475061
0.327548874145224
0.391968718449258
0.363640068148843
0.338811793814894
0.322484386456503
0.364874839331366
0.388582890182342
0.391968718449258
0.364874839331366
0.322484386456503
0.391968718449258
0.277777777777779
0.358065882163784
0.322484386456503
0.391968718449258
0.351084925822647
0.353001394475061
0.364874839331366
0.391968718449258
0.316285954475553
0.338811793814894
0.35956774942129
0.379543379059157
0.277777777777779
0.351084925822647
0.379543379059157
0.391968718449258
0.379543379059157
0.335540042824439
0.358065882163784
0.322484386456503
0.322484386456503
0.391968718449258
0.335540042824439
0.362347845492318
0.351084925822647
0.316285954475553
0.358065882163784
0.322484386456503
0.316285954475553
0.391968718449258
0.277777777777779
0.351084925822647
0.316285954475553
0.391968718449258
0.327548874145224
0.338811793814894
0.327548874145224
0.379543379059157
0.367190995135227
0.391968718449258
0.34680296249411
0.322484386456503
0.277777777777779
0.331830837473758
0.362347845492318
0.322484386456503
0.35956774942129
0.391968718449258
0.327548874145224
0.358065882163784
0.353001394475061
0.349026371040598
0.391968718449258
0.376537446152485
0.308294785796338
0.322484386456503
0.34680296249411
0.277777777777779
0.351084925822647
0.316285954475553
0.388063664265339
0.390567861404069
0.390567861404069
0.383518402493621
0.353001394475061
0.391968718449258
0.349026371040598
0.362347845492318
0.308294785796338
0.335540042824439
0.389593102520422
0.390567861404069
0.391968718449258
0.364874839331366
0.277777777777779
0.35956774942129
0.391968718449258
0.349026371040598
0.367190995135227
0.391968718449258
0.322484386456503
0.366057050842999
0.308294785796338
0.34680296249411
0.277777777777779
0.349026371040598
0.277777777777779
0.379543379059157
0.338811793814894
0.353001394475061
0.351084925822647
0.388063664265339
0.390567861404069
0.376537446152485
0.391968718449258
0.335540042824439
0.277777777777779
0.363640068148843
0.322484386456503
0.391968718449258
0.331830837473758
0.353001394475061
0.351084925822647
0.322484386456503
0.391968718449258
0.353001394475061
0.363640068148843
0.322484386456503
0.358065882163784
0.391968718449258
0.379543379059157
0.335540042824439
0.322484386456503
0.391968718449258
0.349026371040598
0.277777777777779
0.379543379059157
0.379543379059157
0.322484386456503
0.358065882163784
0.391968718449258
0.35956774942129
0.322484386456503
0.363640068148843
0.322484386456503
0.358065882163784
0.277777777777779
0.34680296249411
0.391968718449258
0.379543379059157
0.338811793814894
0.349026371040598
0.322484386456503
0.35956774942129
0.388582890182342
0.391968718449258
0.277777777777779
0.351084925822647
0.316285954475553
0.391968718449258
0.277777777777779
0.349026371040598
0.391968718449258
0.35956774942129
0.362347845492318
0.358065882163784
0.322484386456503
0.391968718449258
0.351084925822647
0.353001394475061
0.379543379059157
0.391968718449258
0.379543379059157
0.353001394475061
0.391968718449258
0.335540042824439
0.277777777777779
0.363640068148843
0.322484386456503
0.391968718449258
0.349026371040598
0.277777777777779
0.316285954475553
0.322484386456503
0.391968718449258
0.277777777777779
0.391968718449258
0.349026371040598
0.338811793814894
0.35956774942129
0.379543379059157
0.277777777777779
0.344385979799954
0.322484386456503
0.391968718449258
0.353001394475061
0.327548874145224
0.391968718449258
0.327548874145224
0.338811793814894
0.363640068148843
0.322484386456503
0.391968718449258
0.335540042824439
0.362347845492318
0.351084925822647
0.316285954475553
0.358065882163784
0.322484386456503
0.316285954475553
0.391968718449258
0.367190995135227
0.277777777777779
0.358065882163784
0.316285954475553
0.35956774942129
0.388582890182342
0.390567861404069
0.391968718449258
0.358065882163784
0.322484386456503
0.354794131173328
0.34680296249411
0.338811793814894
0.322484386456503
0.316285954475553
0.391968718449258
0.349026371040598
0.367190995135227
0.391968718449258
0.362347845492318
0.351084925822647
0.308294785796338
0.34680296249411
0.322484386456503
0.391968718449258
0.354794131173328
0.353001394475061
0.35956774942129
0.338811793814894
0.379543379059157
0.338811793814894
0.363640068148843
0.322484386456503
0.34680296249411
0.367190995135227
0.388063664265339
0.390567861404069
0.369328801833454
0.351084925822647
0.316285954475553
0.391968718449258
0.277777777777779
0.35956774942129
0.391968718449258
0.379543379059157
0.353001394475061
0.391968718449258
0.379543379059157
0.335540042824439
0.322484386456503
0.391968718449258
0.316285954475553
0.338811793814894
0.358065882163784
0.322484386456503
0.308294785796338
0.379543379059157
0.338811793814894
0.353001394475061
0.351084925822647
0.393302307871103
0.277777777777779
0.358065882163784
0.322484386456503
0.391968718449258
0.364874839331366
0.322484386456503
0.391968718449258
0.35956774942129
0.379543379059157
0.338811793814894
0.34680296249411
0.34680296249411
0.391968718449258
0.331830837473758
0.353001394475061
0.338811793814894
0.351084925822647
0.331830837473758
0.391968718449258
0.379543379059157
0.353001394475061
0.391968718449258
0.379543379059157
0.335540042824439
0.322484386456503
0.391968718449258
0.35956774942129
0.353001394475061
0.362347845492318
0.379543379059157
0.335540042824439
0.322484386456503
0.277777777777779
0.35956774942129
0.379543379059157
0.389593102520422
0.390567861404069
0.390567861404069
0.386995156464565
0.322484386456503
0.35956774942129
0.388582890182342
0.391968718449258
0.364874839331366
0.338811793814894
0.379543379059157
0.335540042824439
0.391968718449258
0.277777777777779
0.418927899027345
0.411449565427013
0.407054454171041
0.410531208141988
0.414846498142518
0.407054454171041
0.410296795124045
0.351084925822647
0.391968718449258
0.316285954475553
0.322484386456503
0.308294785796338
0.34680296249411
0.338811793814894
0.351084925822647
0.277777777777779
0.379543379059157
0.338811793814894
0.353001394475061
0.351084925822647
0.391968718449258
0.353001394475061
0.327548874145224
0.391968718449258
0.351084925822647
0.338811793814894
0.351084925822647
0.322484386456503
0.379543379059157
0.322484386456503
0.322484386456503
0.351084925822647
0.391968718449258
0.316285954475553
0.322484386456503
0.331830837473758
0.358065882163784
0.322484386456503
0.322484386456503
0.35956774942129
0.388582890182342
0.391968718449258
0.327548874145224
0.353001394475061
0.358065882163784
0.379543379059157
0.367190995135227
0.392420399584587
0.379543379059157
0.364874839331366
0.353001394475061
0.391968718449258
0.349026371040598
0.338811793814894
0.351084925822647
0.362347845492318
0.379543379059157
0.322484386456503
0.35956774942129
0.388582890182342
0.391968718449258
0.341738474805389
0.362347845492318
0.35956774942129
0.379543379059157
0.391968718449258
0.277777777777779
0.35956774942129
0.391968718449258
0.338811793814894
0.379543379059157
0.391968718449258
0.338811793814894
0.35956774942129
0.391968718449258
0.277777777777779
0.297031866126664
0.353001394475061
0.363640068148843
0.322484386456503
0.388063664265339
0.391968718449258
0.369328801833454
0.35956774942129
0.391968718449258
0.327548874145224
0.353001394475061
0.358065882163784
0.391968718449258
0.379543379059157
0.335540042824439
0.322484386456503
0.391968718449258
0.338811793814894
0.351084925822647
0.308294785796338
0.34680296249411
0.338811793814894
0.351084925822647
0.277777777777779
0.379543379059157
0.338811793814894
0.353001394475061
0.351084925822647
0.391968718449258
0.376537446152485
0.391968718449258
0.335540042824439
0.277777777777779
0.363640068148843
0.322484386456503
0.391968718449258
0.316285954475553
0.338811793814894
0.35956774942129
0.308294785796338
0.353001394475061
0.363640068148843
0.322484386456503
0.358065882163784
0.322484386456503
0.316285954475553
0.391968718449258
0.277777777777779
0.391968718449258
0.363640068148843
0.322484386456503
0.358065882163784
0.367190995135227
0.391968718449258
0.308294785796338
0.362347845492318
0.358065882163784
0.338811793814894
0.353001394475061
0.362347845492318
0.35956774942129
0.391968718449258
0.327548874145224
0.277777777777779
0.308294785796338
0.379543379059157
0.388063664265339
0.390567861404069
0.390567861404069
0.385883897169739
0.335540042824439
0.277777777777779
0.379543379059157
0.391968718449258
0.349026371040598
0.277777777777779
0.367190995135227
0.391968718449258
0.379543379059157
0.335540042824439
0.277777777777779
0.379543379059157
0.391968718449258
0.297031866126664
0.322484386456503
0.388582890182342
0.391968718449258
0.384726322269724
0.351084925822647
0.308294785796338
0.34680296249411
0.322484386456503
0.389593102520422
0.391968718449258
0.386995156464565
0.353001394475061
0.362347845492318
0.358065882163784
0.391968718449258
0.338811793814894
0.351084925822647
0.327548874145224
0.353001394475061
0.358065882163784
0.349026371040598
0.277777777777779
0.379543379059157
0.338811793814894
0.353001394475061
0.351084925822647
0.391968718449258
0.338811793814894
0.351084925822647
0.379543379059157
0.322484386456503
0.358065882163784
0.322484386456503
0.35956774942129
0.379543379059157
0.35956774942129
0.391968718449258
0.349026371040598
0.322484386456503
0.388063664265339
0.390567861404069
0.390567861404069
0.385883897169739
0.335540042824439
0.367190995135227
0.388582890182342
0.391968718449258
0.379543379059157
0.335540042824439
0.277777777777779
0.379543379059157
0.391968718449258
0.379543379059157
0.335540042824439
0.322484386456503
0.391968718449258
0.351084925822647
0.322484386456503
0.322484386456503
0.316285954475553
0.34680296249411
0.322484386456503
0.391968718449258
0.338811793814894
0.351084925822647
0.35956774942129
0.379543379059157
0.322484386456503
0.277777777777779
0.316285954475553
0.391968718449258
0.353001394475061
0.327548874145224
0.391968718449258
0.316285954475553
0.338811793814894
0.354794131173328
0.354794131173328
0.338811793814894
0.351084925822647
0.331830837473758
0.391968718449258
0.379543379059157
0.353001394475061
0.364874839331366
0.277777777777779
0.358065882163784
0.316285954475553
0.35956774942129
0.391968718449258
0.379543379059157
0.335540042824439
0.322484386456503
0.391968718449258
0.354794131173328
0.353001394475061
0.34680296249411
0.322484386456503
0.391968718449258
0.277777777777779
0.35956774942129
0.391968718449258
0.338811793814894
0.379543379059157
0.391968718449258
0.316285954475553
0.353001394475061
0.322484386456503
0.35956774942129
0.391968718449258
0.353001394475061
0.351084925822647
0.391968718449258
0.322484386456503
0.277777777777779
0.358065882163784
0.379543379059157
0.335540042824439
0.388582890182342
0.391968718449258
0.338811793814894
0.351084925822647
0.391968718449258
0.379543379059157
0.335540042824439
0.322484386456503
0.391968718449258
0.351084925822647
0.353001394475061
0.358065882163784
0.379543379059157
0.335540042824439
0.322484386456503
0.358065882163784
0.351084925822647
0.391968718449258
0.335540042824439
0.322484386456503
0.349026371040598
0.338811793814894
0.35956774942129
0.354794131173328
0.335540042824439
0.322484386456503
0.358065882163784
0.322484386456503
0.388582890182342
0.391968718449258
0.335540042824439
0.277777777777779
0.35956774942129
0.391968718449258
0.277777777777779
0.351084925822647
0.391968718449258
0.362347845492318
0.354794131173328
0.364874839331366
0.277777777777779
0.358065882163784
0.316285954475553
0.391968718449258
0.379543379059157
0.322484386456503
0.351084925822647
0.316285954475553
0.322484386456503
0.351084925822647
0.308294785796338
0.367190995135227
0.388063664265339
0.390567861404069
0.390567861404069
0.384128927680251
0.335540042824439
0.338811793814894
0.35956774942129
0.391968718449258
0.354794131173328
0.358065882163784
0.353001394475061
0.363640068148843
0.322484386456503
0.35956774942129
0.388582890182342
0.390567861404069
0.391968718449258
0.376537446152485
0.391968718449258
0.308294785796338
0.358065882163784
0.338811793814894
0.322484386456503
0.316285954475553
0.388582890182342
0.391968718449258
0.390567861404069
0.379543379059157
0.335540042824439
0.277777777777779
0.379543379059157
0.391968718449258
0.379543379059157
0.335540042824439
0.322484386456503
0.391968718449258
0.331830837473758
0.358065882163784
0.322484386456503
0.277777777777779
0.379543379059157
0.391968718449258
0.354794131173328
0.353001394475061
0.338811793814894
0.351084925822647
0.379543379059157
0.391968718449258
0.353001394475061
0.327548874145224
0.391968718449258
0.349026371040598
0.277777777777779
0.331830837473758
0.351084925822647
0.322484386456503
0.379543379059157
0.338811793814894
0.308294785796338
0.391968718449258
0.277777777777779
0.379543379059157
0.379543379059157
0.358065882163784
0.277777777777779
0.308294785796338
0.379543379059157
0.338811793814894
0.353001394475061
0.351084925822647
0.391968718449258
0.34680296249411
0.338811793814894
0.322484386456503
0.35956774942129
0.391968718449258
0.35956774942129
0.353001394475061
0.349026371040598
0.322484386456503
0.364874839331366
0.316285954475553
0.303230298107614
0.338811793814894
0.303230298107614
0.372714630100372
0.277777777777779
0.303230298107614
0.360289290710268
0.345620750982476
0.303230298107614
0.303230298107614
0.331830837473758
0.372714630100372
0.360289290710268
0.316285954475553
0.303230298107614
0.372714630100372
0.340313661072404
0.343093757143428
0.338811793814894
0.308294785796338
0.258523689428891
0.289040697447449
0.303230298107614
0.372714630100372
0.333747306126176
0.308294785796338
0.372714630100372
0.360289290710268
0.316285954475553
0.303230298107614
0.372714630100372
0.303230298107614
0.258523689428891
0.338811793814894
0.360289290710268
0.316285954475553
0.372714630100372
0.258523689428891
0.331830837473758
0.297031866126664
0.372714630100372
0.360289290710268
0.316285954475553
0.303230298107614
0.372714630100372
0.340313661072404
0.335540042824439
0.333747306126176
0.360289290710268
0.372714630100372
0.345620750982476
0.303230298107614
0.372714630100372
0.316285954475553
0.258523689428891
0.344385979799954
0.303230298107614
0.372714630100372
0.340313661072404
0.343093757143428
0.289040697447449
0.289040697447449
0.303230298107614
0.303230298107614
0.297031866126664
0.303230298107614
0.297031866126664
0.372714630100372
0.319557705466009
0.331830837473758
0.372714630100372
0.338811793814894
0.303230298107614
0.258523689428891
0.289040697447449
0.316285954475553
0.319557705466009
0.331830837473758
0.312576749124872
0.368809575916449
0.37131377305518
0.37131377305518
0.353912222886812
0.34680296249411
0.258523689428891
0.289040697447449
0.360289290710268
0.327548874145224
0.347936906786341
0.369328801833454
0.372714630100372
0.329772282691712
0.347936906786341
0.372714630100372
0.333747306126176
0.277777777777779
0.340313661072404
0.303230298107614
0.338811793814894
0.344385979799954
0.258523689428891
0.331830837473758
0.360289290710268
0.372714630100372
0.331830837473758
0.303230298107614
0.335540042824439
0.316285954475553
0.303230298107614
0.345620750982476
0.369328801833454
0.37131377305518
0.372714630100372
0.303230298107614
0.34680296249411
0.289040697447449
0.327548874145224
0.258523689428891
0.319557705466009
0.329772282691712
0.303230298107614
0.297031866126664
0.372714630100372
0.329772282691712
0.347936906786341
0.372714630100372
0.343093757143428
0.331830837473758
0.289040697447449
0.327548874145224
0.303230298107614
0.369328801833454
0.372714630100372
0.303230298107614
0.327548874145224
0.258523689428891
0.360289290710268
0.303230298107614
0.297031866126664
0.372714630100372
0.258523689428891
0.331830837473758
0.297031866126664
0.372714630100372
0.297031866126664
0.303230298107614
0.327548874145224
0.319557705466009
0.312576749124872
0.316285954475553
0.360289290710268
0.303230298107614
0.297031866126664
0.369328801833454
0.372714630100372
0.37131377305518
0.258523689428891
0.331830837473758
0.297031866126664
0.372714630100372
0.319557705466009
0.360289290710268
0.372714630100372
0.319557705466009
0.340313661072404
0.372714630100372
0.337224060097119
0.343093757143428
0.319557705466009
0.360289290710268
0.303230298107614
0.372714630100372
0.335540042824439
0.338811793814894
0.333747306126176
0.277777777777779
0.258523689428891
0.277777777777779
0.327548874145224
0.303230298107614
0.372714630100372
0.360289290710268
0.316285954475553
0.258523689428891
0.360289290710268
0.372714630100372
0.319557705466009
0.308294785796338
0.372714630100372
0.345620750982476
0.303230298107614
0.372714630100372
0.340313661072404
0.343093757143428
0.289040697447449
0.289040697447449
0.303230298107614
0.303230298107614
0.297031866126664
0.372714630100372
0.319557705466009
0.331830837473758
0.372714630100372
0.312576749124872
0.303230298107614
0.360289290710268
0.360289290710268
0.319557705466009
0.331830837473758
0.312576749124872
0.372714630100372
0.360289290710268
0.333747306126176
0.345620750982476
0.258523689428891
0.338811793814894
0.297031866126664
0.372714630100372
0.360289290710268
0.316285954475553
0.303230298107614
0.372714630100372
0.335540042824439
0.333747306126176
0.327548874145224
0.258523689428891
0.338811793814894
0.372714630100372
0.338811793814894
0.303230298107614
0.312576749124872
0.319557705466009
0.333747306126176
0.331830837473758
0.340313661072404
0.374048219522214
0.340313661072404
0.333747306126176
0.329772282691712
0.303230298107614
0.345620750982476
0.316285954475553
0.303230298107614
0.338811793814894
0.303230298107614
0.372714630100372
0.331830837473758
0.303230298107614
0.258523689428891
0.338811793814894
0.372714630100372
0.360289290710268
0.316285954475553
0.303230298107614
0.372714630100372
0.340313661072404
0.303230298107614
0.344385979799954
0.303230298107614
0.331830837473758
0.360289290710268
0.347936906786341
0.373166311235698
0.360289290710268
0.316285954475553
0.319557705466009
0.338811793814894
0.297031866126664
0.372714630100372
0.297031866126664
0.303230298107614
0.312576749124872
0.338811793814894
0.303230298107614
0.303230298107614
0.372714630100372
0.333747306126176
0.308294785796338
0.372714630100372
0.327548874145224
0.258523689428891
0.360289290710268
0.319557705466009
0.360289290710268
0.343093757143428
0.297031866126664
0.303230298107614
0.369328801833454
0.372714630100372
0.345620750982476
0.316285954475553
0.303230298107614
0.338811793814894
0.303230298107614
0.372714630100372
0.364264314144732
0.319557705466009
0.338811793814894
0.372714630100372
0.358065882163784
0.258523689428891
0.329772282691712
0.303230298107614
0.340313661072404
0.372714630100372
0.363640068148843
0.333747306126176
0.340313661072404
0.340313661072404
0.372714630100372
0.297031866126664
0.319557705466009
0.340313661072404
0.289040697447449
0.333747306126176
0.344385979799954
0.303230298107614
0.338811793814894
0.303230298107614
0.297031866126664
0.372714630100372
0.360289290710268
0.316285954475553
0.303230298107614
0.372714630100372
0.329772282691712
0.258523689428891
0.312576749124872
0.331830837473758
0.303230298107614
0.360289290710268
0.319557705466009
0.289040697447449
0.372714630100372
0.335540042824439
0.333747306126176
0.327548874145224
0.303230298107614
0.369328801833454
0.372714630100372
0.345620750982476
0.303230298107614
0.372714630100372
0.340313661072404
0.316285954475553
0.258523689428891
0.327548874145224
0.327548874145224
0.372714630100372
0.277777777777779
0.303230298107614
0.316285954475553
0.333747306126176
0.327548874145224
0.297031866126664
0.372714630100372
0.360289290710268
0.316285954475553
0.303230298107614
0.372714630100372
0.331830837473758
0.303230298107614
0.303230298107614
0.297031866126664
0.327548874145224
0.303230298107614
0.372714630100372
0.335540042824439
0.333747306126176
0.319557705466009
0.331830837473758
0.360289290710268
0.372714630100372
0.297031866126664
0.319557705466009
0.338811793814894
0.303230298107614
0.289040697447449
0.360289290710268
0.327548874145224
0.347936906786341
0.372714630100372
0.343093757143428
0.335540042824439
0.345620750982476
0.258523689428891
0.338811793814894
0.297031866126664
0.368809575916449
0.372714630100372
0.366629808820853
0.303230298107614
0.372714630100372
0.316285954475553
0.258523689428891
0.344385979799954
0.303230298107614
0.372714630100372
0.360289290710268
0.316285954475553
0.303230298107614
0.338811793814894
0.303230298107614
0.308294785796338
0.333747306126176
0.338811793814894
0.303230298107614
0.372714630100372
0.297031866126664
0.319557705466009
0.340313661072404
0.289040697447449
0.333747306126176
0.344385979799954
0.303230298107614
0.338811793814894
0.303230298107614
0.297031866126664
0.372714630100372
0.277777777777779
0.347936906786341
0.372714630100372
0.258523689428891
0.331830837473758
0.258523689428891
0.327548874145224
0.333747306126176
0.312576749124872
0.347936906786341
0.369328801833454
0.372714630100372
0.360289290710268
0.316285954475553
0.258523689428891
0.360289290710268
0.372714630100372
0.360289290710268
0.316285954475553
0.319557705466009
0.340313661072404
0.372714630100372
0.312576749124872
0.338811793814894
0.303230298107614
0.258523689428891
0.360289290710268
0.372714630100372
0.289040697447449
0.303230298107614
0.331830837473758
0.360289290710268
0.338811793814894
0.303230298107614
0.372714630100372
0.333747306126176
0.308294785796338
0.372714630100372
0.258523689428891
0.360289290710268
0.360289290710268
0.338811793814894
0.258523689428891
0.289040697447449
0.360289290710268
0.319557705466009
0.333747306126176
0.331830837473758
0.372714630100372
0.319557705466009
0.340313661072404
0.372714630100372
0.331830837473758
0.333747306126176
0.360289290710268
0.372714630100372
0.340313661072404
0.319557705466009
0.360289290710268
0.343093757143428
0.258523689428891
0.360289290710268
0.303230298107614
0.297031866126664
0.372714630100372
0.258523689428891
0.360289290710268
0.372714630100372
0.258523689428891
0.372714630100372
0.344385979799954
0.303230298107614
0.338811793814894
0.347936906786341
0.372714630100372
0.312576749124872
0.338811793814894
0.303230298107614
0.258523689428891
0.360289290710268
0.372714630100372
0.297031866126664
0.303230298107614
0.335540042824439
0.360289290710268
0.316285954475553
0.368809575916449
0.37131377305518
0.37131377305518
0.366629808820853
0.303230298107614
0.327548874145224
0.327548874145224
0.369328801833454
0.37131377305518
0.372714630100372
0.340313661072404
0.258523689428891
0.319557705466009
0.297031866126664
0.372714630100372
0.357283357803595
0.369328801833454
0.372714630100372
0.338811793814894
0.258523689428891
0.360289290710268
0.316285954475553
0.303230298107614
0.338811793814894
0.372714630100372
0.340313661072404
0.343093757143428
0.338811793814894
0.335540042824439
0.338811793814894
0.319557705466009
0.340313661072404
0.303230298107614
0.297031866126664
0.369328801833454
0.372714630100372
0.37131377305518
0.360289290710268
0.316285954475553
0.319557705466009
0.340313661072404
0.372714630100372
0.297031866126664
0.319557705466009
0.340313661072404
0.289040697447449
0.333747306126176
0.344385979799954
0.303230298107614
0.338811793814894
0.347936906786341
0.372714630100372
0.345620750982476
0.319557705466009
0.327548874145224
0.327548874145224
0.372714630100372
0.258523689428891
0.340313661072404
0.360289290710268
0.333747306126176
0.331830837473758
0.319557705466009
0.340313661072404
0.316285954475553
0.372714630100372
0.303230298107614
0.34680296249411
0.335540042824439
0.303230298107614
0.338811793814894
0.319557705466009
0.329772282691712
0.303230298107614
0.331830837473758
0.360289290710268
0.258523689428891
0.327548874145224
0.372714630100372
0.335540042824439
0.316285954475553
0.319557705466009
0.327548874145224
0.333747306126176
0.340313661072404
0.333747306126176
0.335540042824439
0.316285954475553
0.303230298107614
0.338811793814894
0.340313661072404
0.368809575916449
0.372714630100372
0.357283357803595
0.360289290710268
0.372714630100372
0.345620750982476
0.258523689428891
0.340313661072404
0.372714630100372
0.331830837473758
0.303230298107614
0.344385979799954
0.303230298107614
0.338811793814894
0.372714630100372
0.340313661072404
0.343093757143428
0.340313661072404
0.335540042824439
0.303230298107614
0.289040697447449
0.360289290710268
0.303230298107614
0.297031866126664
0.368809575916449
0.37131377305518
0.37131377305518
0.364264314144732
0.289040697447449
0.319557705466009
0.303230298107614
0.331830837473758
0.289040697447449
0.303230298107614
0.369328801833454
0.372714630100372
0.312576749124872
0.338811793814894
0.303230298107614
0.258523689428891
0.360289290710268
0.369328801833454
0.372714630100372
0.329772282691712
0.319557705466009
0.312576749124872
0.316285954475553
0.360289290710268
0.347936906786341
0.372714630100372
0.258523689428891
0.331830837473758
0.297031866126664
0.372714630100372
0.319557705466009
0.331830837473758
0.372714630100372
0.360289290710268
0.316285954475553
0.303230298107614
0.372714630100372
0.303230298107614
0.331830837473758
0.297031866126664
0.372714630100372
0.343093757143428
0.331830837473758
0.303230298107614
0.338811793814894
0.338811793814894
0.319557705466009
0.331830837473758
0.312576749124872
0.369328801833454
0.37131377305518
0.372714630100372
0.338811793814894
0.303230298107614
0.335540042824439
0.327548874145224
0.319557705466009
0.303230298107614
0.297031866126664
0.372714630100372
0.329772282691712
0.347936906786341
0.372714630100372
0.343093757143428
0.331830837473758
0.289040697447449
0.327548874145224
0.303230298107614
0.372714630100372
0.297031866126664
0.333747306126176
0.312576749124872
0.329772282691712
0.258523689428891
0.360289290710268
0.319557705466009
0.289040697447449
0.258523689428891
0.327548874145224
0.327548874145224
0.347936906786341
0.369328801833454
0.372714630100372
0.37131377305518
0.340313661072404
0.289040697447449
0.319557705466009
0.303230298107614
0.331830837473758
0.289040697447449
0.303230298107614
0.372714630100372
0.316285954475553
0.258523689428891
0.340313661072404
0.372714630100372
0.308294785796338
0.258523689428891
0.327548874145224
0.327548874145224
0.303230298107614
0.331830837473758
0.372714630100372
0.319557705466009
0.331830837473758
0.360289290710268
0.333747306126176
0.372714630100372
0.329772282691712
0.258523689428891
0.331830837473758
0.347936906786341
0.372714630100372
0.303230298107614
0.338811793814894
0.338811793814894
0.333747306126176
0.338811793814894
0.340313661072404
0.374048219522214
0.303230298107614
0.338811793814894
0.338811793814894
0.333747306126176
0.338811793814894
0.340313661072404
0.372714630100372
0.345620750982476
0.316285954475553
0.319557705466009
0.289040697447449
0.316285954475553
0.372714630100372
0.316285954475553
0.258523689428891
0.344385979799954
0.303230298107614
0.372714630100372
0.277777777777779
0.303230298107614
0.303230298107614
0.331830837473758
0.372714630100372
0.308294785796338
0.333747306126176
0.338811793814894
0.360289290710268
0.343093757143428
0.331830837473758
0.258523689428891
0.360289290710268
0.303230298107614
0.372714630100372
0.258523689428891
0.331830837473758
0.297031866126664
0.372714630100372
0.343093757143428
0.340313661072404
0.303230298107614
0.308294785796338
0.343093757143428
0.327548874145224
0.372714630100372
0.338811793814894
0.258523689428891
0.360289290710268
0.316285954475553
0.303230298107614
0.338811793814894
0.372714630100372
0.360289290710268
0.316285954475553
0.258523689428891
0.331830837473758
0.372714630100372
0.333747306126176
0.360289290710268
0.316285954475553
0.303230298107614
0.338811793814894
0.345620750982476
0.319557705466009
0.340313661072404
0.303230298107614
0.369328801833454
0.372714630100372
0.308294785796338
0.333747306126176
0.338811793814894
0.372714630100372
0.360289290710268
0.316285954475553
0.303230298107614
0.347936906786341
0.372714630100372
0.316285954475553
0.258523689428891
0.344385979799954
0.303230298107614
0.372714630100372
0.277777777777779
0.303230298107614
0.303230298107614
0.331830837473758
0.372714630100372
0.360289290710268
0.316285954475553
0.303230298107614
0.372714630100372
0.340313661072404
0.360289290710268
0.303230298107614
0.335540042824439
0.335540042824439
0.319557705466009
0.331830837473758
0.312576749124872
0.340313661072404
0.360289290710268
0.333747306126176
0.331830837473758
0.303230298107614
0.340313661072404
0.372714630100372
0.360289290710268
0.333747306126176
0.372714630100372
0.360289290710268
0.338811793814894
0.343093757143428
0.360289290710268
0.316285954475553
0.368809575916449
0.37131377305518
