"x"
0.374048219522214
0.35956774942129
0.37131377305518
0.363640068148843
0.393302307871103
0.396957206698566
0.358065882163784
0.373166311235698
0.380932557408451
0.375732236794894
0.398075926119065
0.401184757124732
0.372255482823951
0.382255558769266
0.388063664265339
0.384128927680251
0.401830781073739
0.404853082736205
0.401830781073739
0.389092588478681
0.392864853510876
0.389593102520422
0.386445083484116
0.408092996728588
0.402462121381449
0.391509571172836
0.39104270677516
0.410060387077714
0.393302307871103
0.391968718449258
0.397335141477893
0.398075926119065
0.412338530179406
0.400186645757341
0.397708003153788
0.40398041061861
0.399151329235195
0.444207348530776
0.506735920921878
0.402462121381449
0.436856881877421
0.431483041353541
0.408598061147565
0.506808943513294
0.482905843977139
0.43774727149659
0.506852665103294
0.404853082736205
0.435654993537185
0.506896317984635
0.412338530179406
0.436216179851563
0.411222806798147
0.502348955978757
0.506968920686129
0.504267707955146
0.477768842935866
0.507012391395749
0.457565174847247
0.440098456028648
0.437834760632784
0.415045622850259
0.417146662133749
0.447602282773119
0.507113559272637
0.424392073867514
0.44120339968023
0.458327417795996
0.507171204487157
0.437037257691603
0.415634573062777
0.439692933822506
0.462435788154538
0.507243093186124
0.437921975077355
0.429195512599048
0.436030374625151
0.422180473090716
0.451441774532388
0.507329114760248
0.478747178342079
0.50375963746963
0.457693676746935
0.423963616358471
0.507400596471793
0.426042724436147
0.421244054831208
0.438008916549828
0.438181987376234
0.425639166087178
0.442635949878321
0.507500362840936
0.423528446448902
0.463909197487441
0.507543010409876
0.484611152731226
0.432026655136712
0.434000486282981
0.453504152032085
0.507613944508121
0.484772839903554
0.434791366118572
0.442414611832511
0.429195512599048
0.5032089133763
0.505055559341482
0.507712948912541
0.454384507403002
0.434497418637172
0.430590505848464
0.507769364829935
0.45476699575644
0.428470833818928
0.437037257691603
0.430703653775899
0.507839723980462
0.429432930948447
0.442782534797791
0.44827019594684
0.458987841837487
0.432026655136712
0.500663333131525
0.507937928347619
0.50533380318158
0.480455924132608
0.507979909883737
0.445760338306842
0.459632928076681
0.45633625757457
0.485692507869159
0.508049738421713
0.433082971680856
0.435370090754763
0.508091551441815
0.437921975077355
0.435937003855631
0.485910008358953
0.485940941299544
0.44120339968023
0.449039384839763
0.438947732649362
0.508202746097291
0.457565174847247
0.451118773476967
0.448029172501682
0.43774727149659
0.464248783352142
0.441280667540282
0.43826812008952
0.456559732454707
0.438610004747147
0.508341116384795
0.450516669991437
0.439115069166125
0.437216469782758
0.45708884898167
0.508410043908448
0.48655247458931
0.442928350239072
0.440098456028648
0.508465063045577
0.439115069166125
0.440577395096275
0.451708102342252
0.486763369793708
0.457948910804001
0.44120339968023
0.508561085089067
0.45370221189277
0.442488587316385
0.508602135999659
0.486972675891053
0.444893254436064
0.442266067212326
0.508656776347303
0.442562366317999
0.440892160818761
0.458947022171394
0.487180416650375
0.445825929311999
0.501716729848287
0.508752139091504
0.486141170118328
0.443716933663033
0.487357251907177
0.508806485458122
0.452697481109276
0.444276706314071
0.508847175569564
0.461333350702668
0.444689255151182
0.444825421001191
0.509721035334454
0.508914860246762
0.487649498451118
0.44784702248651
0.443857937913922
0.487736576195712
0.508982380401003
0.467614131633717
0.456692959462025
0.464981572982143
0.453053285506293
0.445825929311999
0.509063188538798
0.445296812785037
0.446791650363199
0.509103504623928
0.447724922167815
0.457479175466549
0.465567074752316
0.461594527165959
0.509170568340178
0.488196436097432
0.394157076167399
0.42871450009873
0.447293294294822
0.441966573445569
0.344385979799954
0.426042724436147
0.372255482823951
0.506278845263486
0.423086350468184
0.405975569912256
0.419777438565461
0.385883897169739
0.443289574806382
0.506367900464888
0.384128927680251
0.431918780135979
0.45370221189277
0.429076038101844
0.499747651752537
0.506456671068621
0.476233532786701
0.506486198339834
0.482136617843224
0.408847190869308
0.413199925644477
0.430928576282362
0.421244054831208
0.509204039579048
0.50383279040145
0.506603994552526
0.504798030690706
0.405699171833001
0.435370090754763
0.443646162216403
0.500046943836086
0.506692015046914
0.459712520617606
0.436308618465246
0.451441774532388
0.506750540805257
0.447043604723477
0.408092996728588
0.408598061147565
0.500213889246778
0.506823525024275
0.464181197484789
0.429785296490873
0.421559714793716
0.407578578735054
0.411897603813953
0.506910853713789
0.420110110538978
0.407578578735054
0.411674487933473
0.506968920686129
0.431810484568878
0.414846498142518
0.410060387077714
0.446980830057713
0.43765950593297
0.483452197723258
0.50707024672055
0.441357721064801
0.367190995135227
0.449502358519908
0.367190995135227
0.438353986549787
0.277777777777779
0.415828147210444
0.506159659120739
0.481308980340536
0.393302307871103
0.399845809852012
0.424392073867514
0.385883897169739
0.441357721064801
0.506159659120739
0.428225011172344
0.377319970512669
0.506159659120739
0.481308980340536
0.393302307871103
0.399845809852012
0.441357721064801
0.506159659120739
0.441357721064801
0.428225011172344
0.438353986549787
0.481308980340536
0.506159659120739
0.399845809852012
0.424392073867514
0.506159659120739
0.393302307871103
0.367190995135227
0.438353986549787
0.506159659120739
0.415828147210444
0.367190995135227
0.441357721064801
0.441357721064801
0.428225011172344
0.424392073867514
0.441357721064801
0.506159659120739
0.399845809852012
0.424392073867514
0.506159659120739
0.481308980340536
0.393302307871103
0.367190995135227
0.506159659120739
0.441357721064801
0.338811793814894
0.393302307871103
0.428225011172344
0.428225011172344
0.415828147210444
0.438353986549787
0.428225011172344
0.428225011172344
0.42027496430342
0.499388002586905
0.506159659120739
0.277777777777779
0.424392073867514
0.354794131173328
0.506159659120739
0.481308980340536
0.393302307871103
0.428225011172344
0.446917913206855
0.385883897169739
0.393302307871103
0.506159659120739
0.481308980340536
0.393302307871103
0.399845809852012
0.441357721064801
0.506159659120739
0.451971900884953
0.277777777777779
0.441357721064801
0.506159659120739
0.424392073867514
0.428225011172344
0.481308980340536
0.506159659120739
0.277777777777779
0.506159659120739
0.449502358519908
0.367190995135227
0.438353986549787
0.456604212492676
0.506159659120739
0.385883897169739
0.428225011172344
0.428225011172344
0.354794131173328
0.506159659120739
0.428225011172344
0.431810484568878
0.431810484568878
0.428225011172344
0.438353986549787
0.481308980340536
0.446917913206855
0.424392073867514
0.399845809852012
0.481308980340536
0.456604212492676
0.506159659120739
0.377319970512669
0.428225011172344
0.438353986549787
0.506159659120739
0.441357721064801
0.393302307871103
0.428225011172344
0.451971900884953
0.399845809852012
0.424392073867514
0.385883897169739
0.506159659120739
0.428225011172344
0.377319970512669
0.377319970512669
0.506159659120739
0.393302307871103
0.367190995135227
0.438353986549787
0.506159659120739
0.410994181822133
0.424392073867514
0.428225011172344
0.451971900884953
0.415828147210444
0.367190995135227
0.354794131173328
0.385883897169739
0.367190995135227
0.499388002586905
0.506159659120739
0.277777777777779
0.441357721064801
0.506159659120739
0.481308980340536
0.393302307871103
0.367190995135227
0.438353986549787
0.367190995135227
0.506159659120739
0.451971900884953
0.277777777777779
0.441357721064801
0.506159659120739
0.424392073867514
0.428225011172344
0.506159659120739
0.428225011172344
0.424392073867514
0.367190995135227
0.506159659120739
0.481308980340536
0.428225011172344
0.506159659120739
0.415828147210444
0.399845809852012
0.441357721064801
0.481308980340536
0.367190995135227
0.424392073867514
0.506159659120739
0.481308980340536
0.428225011172344
0.506159659120739
0.393302307871103
0.367190995135227
0.438353986549787
0.499388002586905
0.506159659120739
0.441357721064801
0.481308980340536
0.399845809852012
0.415828147210444
0.415828147210444
0.506159659120739
0.399845809852012
0.481308980340536
0.506159659120739
0.451971900884953
0.277777777777779
0.35956774942129
0.391968718449258
0.331830837473758
0.353001394475061
0.353001394475061
0.316285954475553
0.391968718449258
0.354794131173328
0.358065882163784
0.277777777777779
0.308294785796338
0.379543379059157
0.338811793814894
0.308294785796338
0.322484386456503
0.391968718449258
0.379543379059157
0.353001394475061
0.391968718449258
0.35956774942129
0.277777777777779
0.367190995135227
0.391968718449258
0.338811793814894
0.379543379059157
0.391968718449258
0.353001394475061
0.363640068148843
0.322484386456503
0.358065882163784
0.391509571172836
0.391968718449258
0.390567861404069
0.393302307871103
0.367190995135227
0.322484386456503
0.35956774942129
0.388582890182342
0.391968718449258
0.379543379059157
0.335540042824439
0.277777777777779
0.379543379059157
0.390084757439849
0.35956774942129
0.391968718449258
0.277777777777779
0.297031866126664
0.353001394475061
0.362347845492318
0.379543379059157
0.391968718449258
0.379543379059157
0.335540042824439
0.322484386456503
0.391968718449258
0.358065882163784
0.338811793814894
0.331830837473758
0.335540042824439
0.379543379059157
0.391968718449258
0.316285954475553
0.338811793814894
0.35956774942129
0.379543379059157
0.277777777777779
0.351084925822647
0.308294785796338
0.322484386456503
0.393302307871103
0.297031866126664
0.362347845492318
0.379543379059157
0.391968718449258
0.379543379059157
0.335540042824439
0.322484386456503
0.351084925822647
0.391968718449258
0.376537446152485
0.391968718449258
0.364874839331366
0.353001394475061
0.351084925822647
0.316285954475553
0.322484386456503
0.358065882163784
0.391968718449258
0.364874839331366
0.335540042824439
0.277777777777779
0.379543379059157
0.391968718449258
0.378821837770179
0.277777777777779
0.379543379059157
0.338811793814894
0.379543379059157
0.362347845492318
0.316285954475553
0.322484386456503
0.391968718449258
0.409581448010092
0.410296795124045
0.418927899027345
0.414645935698811
0.409581448010092
0.409338845788735
0.407578578735054
0.338811793814894
0.379543379059157
0.362347845492318
0.316285954475553
0.322484386456503
0.391968718449258
0.376537446152485
0.390084757439849
0.363640068148843
0.322484386456503
0.391968718449258
0.331830837473758
0.353001394475061
0.379543379059157
0.391968718449258
0.379543379059157
0.353001394475061
0.389593102520422
0.390567861404069
0.391968718449258
0.39104270677516
0.369328801833454
0.34680296249411
0.338811793814894
0.308294785796338
0.322484386456503
0.391968718449258
0.335540042824439
0.277777777777779
0.316285954475553
0.391968718449258
0.351084925822647
0.353001394475061
0.391968718449258
0.338811793814894
0.316285954475553
0.322484386456503
0.277777777777779
0.391968718449258
0.364874839331366
0.335540042824439
0.277777777777779
0.379543379059157
0.391968718449258
0.378821837770179
0.277777777777779
0.379543379059157
0.338811793814894
0.379543379059157
0.362347845492318
0.316285954475553
0.322484386456503
0.391968718449258
0.364874839331366
0.277777777777779
0.35956774942129
0.388582890182342
0.391968718449258
0.353001394475061
0.358065882163784
0.391968718449258
0.378821837770179
0.353001394475061
0.351084925822647
0.331830837473758
0.338811793814894
0.379543379059157
0.362347845492318
0.316285954475553
0.322484386456503
0.391968718449258
0.322484386456503
0.338811793814894
0.379543379059157
0.335540042824439
0.322484386456503
0.358065882163784
0.388582890182342
0.391968718449258
0.297031866126664
0.362347845492318
0.379543379059157
0.391968718449258
0.379543379059157
0.335540042824439
0.353001394475061
0.362347845492318
0.331830837473758
0.335540042824439
0.379543379059157
0.391968718449258
0.379543379059157
0.335540042824439
0.322484386456503
0.367190995135227
0.391968718449258
0.364874839331366
0.322484386456503
0.358065882163784
0.322484386456503
0.391968718449258
0.351084925822647
0.338811793814894
0.308294785796338
0.322484386456503
0.391968718449258
0.331830837473758
0.358065882163784
0.277777777777779
0.351084925822647
0.316285954475553
0.391968718449258
0.364874839331366
0.353001394475061
0.358065882163784
0.316285954475553
0.35956774942129
0.391968718449258
0.379543379059157
0.353001394475061
0.391968718449258
0.35956774942129
0.277777777777779
0.367190995135227
0.388063664265339
0.391509571172836
0.381601933841203
0.358065882163784
0.322484386456503
0.35956774942129
0.322484386456503
0.351084925822647
0.379543379059157
0.34680296249411
0.367190995135227
0.391968718449258
0.35956774942129
0.335540042824439
0.322484386456503
0.391968718449258
0.297031866126664
0.322484386456503
0.331830837473758
0.277777777777779
0.351084925822647
0.391968718449258
0.277777777777779
0.331830837473758
0.277777777777779
0.338811793814894
0.351084925822647
0.388063664265339
0.391968718449258
0.390567861404069
0.376537446152485
0.391968718449258
0.364874839331366
0.353001394475061
0.351084925822647
0.316285954475553
0.322484386456503
0.358065882163784
0.391968718449258
0.338811793814894
0.327548874145224
0.391968718449258
0.376537446152485
0.391968718449258
0.35956774942129
0.335540042824439
0.277777777777779
0.34680296249411
0.34680296249411
0.391968718449258
0.327548874145224
0.277777777777779
0.34680296249411
0.34680296249411
0.391968718449258
0.358065882163784
0.338811793814894
0.331830837473758
0.335540042824439
0.379543379059157
0.391968718449258
0.379543379059157
0.335540042824439
0.358065882163784
0.353001394475061
0.362347845492318
0.331830837473758
0.335540042824439
0.391968718449258
0.379543379059157
0.335540042824439
0.322484386456503
0.391968718449258
0.322484386456503
0.277777777777779
0.358065882163784
0.379543379059157
0.335540042824439
0.389092588478681
0.391968718449258
0.375732236794894
0.353001394475061
0.364874839331366
0.391968718449258
0.327548874145224
0.362347845492318
0.351084925822647
0.351084925822647
0.367190995135227
0.391968718449258
0.338811793814894
0.379543379059157
0.390084757439849
0.34680296249411
0.34680296249411
0.391968718449258
0.35956774942129
0.322484386456503
0.322484386456503
0.349026371040598
0.391968718449258
0.379543379059157
0.353001394475061
0.391968718449258
0.308294785796338
0.353001394475061
0.349026371040598
0.322484386456503
0.391968718449258
0.353001394475061
0.362347845492318
0.379543379059157
0.391968718449258
0.277777777777779
0.349026371040598
0.353001394475061
0.351084925822647
0.331830837473758
0.391968718449258
0.379543379059157
0.335540042824439
0.322484386456503
0.391968718449258
0.354794131173328
0.322484386456503
0.353001394475061
0.354794131173328
0.34680296249411
0.303230298107614
0.372714630100372
0.360289290710268
0.316285954475553
0.258523689428891
0.360289290710268
0.372714630100372
0.345620750982476
0.258523689428891
0.327548874145224
0.325131891451068
0.372714630100372
0.345620750982476
0.319557705466009
0.360289290710268
0.316285954475553
0.372714630100372
0.360289290710268
0.316285954475553
0.303230298107614
0.319557705466009
0.338811793814894
0.372714630100372
0.316285954475553
0.303230298107614
0.258523689428891
0.297031866126664
0.340313661072404
0.372714630100372
0.297031866126664
0.333747306126176
0.345620750982476
0.331830837473758
0.345620750982476
0.258523689428891
0.338811793814894
0.297031866126664
0.369838500129791
0.372714630100372
0.364874839331366
0.316285954475553
0.303230298107614
0.372714630100372
0.350074713484567
0.331830837473758
0.360289290710268
0.319557705466009
0.335540042824439
0.258523689428891
0.360289290710268
0.316285954475553
0.319557705466009
0.303230298107614
0.340313661072404
0.369328801833454
0.372714630100372
0.357283357803595
0.372714630100372
0.360289290710268
0.316285954475553
0.319557705466009
0.331830837473758
0.325131891451068
0.374048219522214
0.37131377305518
0.372714630100372
0.371788618426271
0.340313661072404
0.316285954475553
0.303230298107614
0.372714630100372
0.345620750982476
0.258523689428891
0.340313661072404
0.372714630100372
0.338811793814894
0.258523689428891
0.360289290710268
0.316285954475553
0.303230298107614
0.338811793814894
0.372714630100372
0.312576749124872
0.327548874145224
0.258523689428891
0.297031866126664
0.372714630100372
0.360289290710268
0.316285954475553
0.303230298107614
0.338811793814894
0.303230298107614
0.372714630100372
0.345620750982476
0.258523689428891
0.340313661072404
0.372714630100372
0.331830837473758
0.333747306126176
0.372714630100372
0.333747306126176
0.331830837473758
0.303230298107614
0.372714630100372
0.327548874145224
0.319557705466009
0.340313661072404
0.360289290710268
0.303230298107614
0.331830837473758
0.319557705466009
0.331830837473758
0.312576749124872
0.369328801833454
0.372714630100372
0.360289290710268
0.316285954475553
0.319557705466009
0.340313661072404
0.372714630100372
0.360289290710268
0.319557705466009
0.329772282691712
0.303230298107614
0.369328801833454
0.372714630100372
0.258523689428891
0.340313661072404
0.372714630100372
0.319557705466009
0.360289290710268
0.372714630100372
0.297031866126664
0.319557705466009
0.297031866126664
0.331830837473758
0.37083066909096
0.360289290710268
0.372714630100372
0.340313661072404
0.333747306126176
0.343093757143428
0.331830837473758
0.297031866126664
0.372714630100372
0.258523689428891
0.360289290710268
0.372714630100372
0.258523689428891
0.327548874145224
0.327548874145224
0.372714630100372
0.360289290710268
0.316285954475553
0.303230298107614
0.372714630100372
0.338811793814894
0.319557705466009
0.312576749124872
0.316285954475553
0.360289290710268
0.372714630100372
0.345620750982476
0.333747306126176
0.338811793814894
0.297031866126664
0.372255482823951
0.372714630100372
0.37131377305518
0.374048219522214
0.277777777777779
0.343093757143428
0.360289290710268
0.372714630100372
0.357283357803595
0.372714630100372
0.340313661072404
0.316285954475553
0.258523689428891
0.327548874145224
0.327548874145224
0.372714630100372
0.316285954475553
0.258523689428891
0.344385979799954
0.303230298107614
0.372714630100372
0.360289290710268
0.333747306126176
0.372714630100372
0.258523689428891
0.340313661072404
0.325131891451068
0.372714630100372
0.360289290710268
0.316285954475553
0.303230298107614
0.329772282691712
0.372714630100372
0.345620750982476
0.316285954475553
0.258523689428891
0.360289290710268
0.372714630100372
0.360289290710268
0.316285954475553
0.303230298107614
0.372714630100372
0.331830837473758
0.258523689428891
0.329772282691712
0.303230298107614
0.372714630100372
0.333747306126176
0.308294785796338
0.372714630100372
0.360289290710268
0.316285954475553
0.303230298107614
0.372714630100372
0.289040697447449
0.333747306126176
0.343093757143428
0.331830837473758
0.360289290710268
0.338811793814894
0.347936906786341
0.372714630100372
0.319557705466009
0.340313661072404
0.369328801833454
0.372714630100372
0.347936906786341
0.333747306126176
0.343093757143428
0.372714630100372
0.325131891451068
0.331830837473758
0.333747306126176
0.345620750982476
0.368809575916449
0.372714630100372
0.362347845492318
0.327548874145224
0.303230298107614
0.258523689428891
0.340313661072404
0.303230298107614
0.369328801833454
0.372714630100372
0.360289290710268
0.258523689428891
0.37083066909096
0.258523689428891
0.329772282691712
0.369328801833454
0.372714630100372
0.319557705466009
0.340313661072404
0.372714630100372
0.360289290710268
0.316285954475553
0.319557705466009
0.340313661072404
0.372714630100372
0.360992563154278
0.303230298107614
0.345620750982476
0.372714630100372
0.368280459389487
0.303230298107614
0.258523689428891
0.327548874145224
0.258523689428891
0.331830837473758
0.297031866126664
0.372714630100372
0.333747306126176
0.338811793814894
0.372714630100372
0.350074713484567
0.343093757143428
0.340313661072404
0.360289290710268
0.338811793814894
0.258523689428891
0.327548874145224
0.319557705466009
0.258523689428891
0.370339014171533
0.37131377305518
0.372714630100372
0.371788618426271
0.258523689428891
0.331830837473758
0.297031866126664
0.372714630100372
0.340313661072404
0.316285954475553
0.303230298107614
0.372714630100372
0.360289290710268
0.338811793814894
0.319557705466009
0.303230298107614
0.297031866126664
0.372714630100372
0.360289290710268
0.333747306126176
0.372714630100372
0.289040697447449
0.343093757143428
0.338811793814894
0.360289290710268
0.340313661072404
0.303230298107614
0.347936906786341
0.372714630100372
0.258523689428891
0.340313661072404
0.372714630100372
0.340313661072404
0.316285954475553
0.303230298107614
0.372714630100372
0.340313661072404
0.335540042824439
0.333747306126176
0.325131891451068
0.303230298107614
0.374048219522214
0.308294785796338
0.258523689428891
0.331830837473758
0.289040697447449
0.347936906786341
0.372714630100372
0.289040697447449
0.343093757143428
0.338811793814894
0.360289290710268
0.340313661072404
0.303230298107614
0.347936906786341
0.319557705466009
0.331830837473758
0.312576749124872
0.372714630100372
0.258523689428891
0.340313661072404
0.372714630100372
0.347936906786341
0.333747306126176
0.343093757143428
0.37083066909096
0.338811793814894
0.303230298107614
0.372714630100372
0.308294785796338
0.258523689428891
0.327548874145224
0.327548874145224
0.319557705466009
0.331830837473758
0.312576749124872
0.372714630100372
0.360289290710268
0.316285954475553
0.338811793814894
0.333747306126176
0.343093757143428
0.312576749124872
0.316285954475553
0.372714630100372
0.360289290710268
0.316285954475553
0.303230298107614
0.372714630100372
0.258523689428891
0.319557705466009
0.338811793814894
0.369838500129791
0.372714630100372
0.353001394475061
0.333747306126176
0.372714630100372
0.347936906786341
0.333747306126176
0.343093757143428
0.372714630100372
0.360289290710268
0.316285954475553
0.319557705466009
0.331830837473758
0.325131891451068
0.372714630100372
0.347936906786341
0.333747306126176
0.343093757143428
0.372714630100372
0.289040697447449
0.333747306126176
0.343093757143428
0.327548874145224
0.297031866126664
0.372714630100372
0.329772282691712
0.258523689428891
0.331830837473758
0.258523689428891
0.312576749124872
0.303230298107614
0.372714630100372
0.319557705466009
0.360289290710268
0.370339014171533
0.372255482823951
0.372714630100372
0.37131377305518
0.350074713484567
0.331830837473758
0.297031866126664
0.372714630100372
0.345620750982476
0.316285954475553
0.258523689428891
0.360289290710268
0.372714630100372
0.258523689428891
0.331830837473758
0.372714630100372
0.319557705466009
0.312576749124872
0.331830837473758
0.333747306126176
0.338811793814894
0.258523689428891
0.331830837473758
0.360289290710268
0.372714630100372
0.327548874145224
0.319557705466009
0.360289290710268
0.360289290710268
0.327548874145224
0.303230298107614
0.372714630100372
0.312576749124872
0.319557705466009
0.338811793814894
0.327548874145224
0.372714630100372
0.340313661072404
0.316285954475553
0.303230298107614
0.37083066909096
0.327548874145224
0.327548874145224
0.372714630100372
0.360289290710268
0.316285954475553
0.319557705466009
0.331830837473758
0.325131891451068
0.372714630100372
0.329772282691712
0.303230298107614
0.372714630100372
0.308294785796338
0.333747306126176
0.338811793814894
0.372714630100372
0.258523689428891
0.340313661072404
0.325131891451068
0.319557705466009
0.331830837473758
0.312576749124872
0.369838500129791
0.372714630100372
0.360992563154278
0.333747306126176
0.369328801833454
0.372714630100372
0.319557705466009
0.360289290710268
0.37083066909096
0.327548874145224
0.327548874145224
0.372714630100372
0.331830837473758
0.303230298107614
0.344385979799954
0.303230298107614
0.338811793814894
0.372714630100372
0.297031866126664
0.333747306126176
0.372714630100372
0.360289290710268
0.333747306126176
0.372714630100372
0.258523689428891
0.340313661072404
0.325131891451068
0.373166311235698
0.372714630100372
0.335540042824439
0.303230298107614
0.338811793814894
0.316285954475553
0.258523689428891
0.335540042824439
0.340313661072404
0.372714630100372
0.357283357803595
0.372714630100372
0.340313661072404
0.316285954475553
0.258523689428891
0.327548874145224
0.327548874145224
0.372714630100372
0.340313661072404
0.303230298107614
0.303230298107614
0.372714630100372
0.319557705466009
0.360289290710268
0.372714630100372
0.345620750982476
0.338811793814894
0.319557705466009
0.360289290710268
0.360289290710268
0.303230298107614
0.331830837473758
0.372714630100372
0.343093757143428
0.335540042824439
0.372714630100372
0.340313661072404
0.333747306126176
0.329772282691712
0.303230298107614
0.345620750982476
0.316285954475553
0.303230298107614
0.338811793814894
0.303230298107614
0.368809575916449
0.37131377305518
